kinematics:
  shoulder:
    x: 0
    y: 0
    z: 0.089103630520048965
    roll: -0
    pitch: 0
    yaw: 4.7539070410249198e-05
  upper_arm:
    x: 0.00010645500544327421
    y: 0
    z: 0
    roll: 1.5692524346665757
    pitch: 0
    yaw: -0.00010102483344942567
  forearm:
    x: -0.42537217792097765
    y: 0
    z: 0
    roll: 3.1411413034184075
    pitch: 3.1386959097007305
    yaw: 3.1415100266310296
  wrist_1:
    x: -0.3922795049924665
    y: -0.0015426589425311201
    z: 0.11106563193671296
    roll: 0.013888722578962941
    pitch: -0.00021205142820968521
    yaw: -3.7985936088168402e-05
  wrist_2:
    x: 0.00016696300880863319
    y: -0.094788225725427694
    z: -3.2042308643440628e-05
    roll: 1.5711343678034471
    pitch: 0
    yaw: -5.9907745302130519e-05
  wrist_3:
    x: -2.2466281669587266e-05
    y: 0.082472984390690326
    z: 1.642703329557951e-05
    roll: 1.570995507571483
    pitch: 3.1415926535897931
    yaw: 3.1415586210963382
  hash: calib_6859509693277701681